-95.32125610590822, 29.675785342208574
-95.4040983847349, 29.781312113822903
-95.38451019317328, 29.785921492353953
-95.25341731897348, 29.718468371138584
-95.41871098678536, 29.74958935053957
-95.31602217695755, 29.780748000000003
-95.3288680387911, 29.7206916934691
-95.33762949708581, 29.785836510675818
-95.33316102844941, 29.793226493219333
-95.39664490305324, 29.710772225085147
-95.40117832849056, 29.69839994898936
-95.40644979999996, 29.707582200000047
-95.3969596608411, 29.70638760132207
-95.40139821997792, 29.709989604189715
-95.3760105041088, 29.76407114054553
-95.39950758058772, 29.71321048263043
-95.40121741883536, 29.711165520687803
-95.40074585625237, 29.71002703609546
-95.4025875137629, 29.709397455190633
-95.40402031352224, 29.707728548983415
-95.39920143836487, 29.70767640003991
-95.40950868174767, 29.700554964712605
-95.41506171790044, 29.70013660283339
-95.41836566599235, 29.69966407660568
-95.41031747746588, 29.699558143459164
-95.41078831704118, 29.69896626002678
-95.41809218717202, 29.698207937330118
-95.4074151425078, 29.700164701107802
-95.4236708990712, 29.591054360811352
-95.42858376155598, 29.58763580997111
-95.37759426641769, 29.598203171618678
-95.2855335, 29.604612470136953
-95.28253255536961, 29.60463849567217
-95.27727185491867, 29.6115604712176
-95.26427345616695, 29.600888961792016
-95.28552235406026, 29.627512721622704
-95.37330000960795, 29.76741534058492
-95.64325499999995, 29.76983000000004
-95.45977931467525, 29.72399192671255
-95.4597655247912, 29.72331184159707
-95.45977937685419, 29.722139999999996
-95.46213180391251, 29.72477248788189
-95.46291, 29.724813489901116
-95.46076560814215, 29.723431886981754
-95.20792119317329, 29.689024512118113
-95.17247234935405, 29.68362679058324
-95.15798236219632, 29.66558548340983
-95.23357772228559, 29.455235115239958
-95.13995755770502, 29.701122138897386
-95.20483501246481, 29.552963983063126
-95.32750210049518, 29.58039216902305
-95.25502211561532, 29.562034747417734
-95.28611208592517, 29.562695245628717
-95.37758150291418, 29.764023525967914
-95.38359731515881, 29.776622026531726
-95.40340233527613, 29.76689251485941
-95.41402247155058, 29.776947539529257
-95.41610066472387, 29.776187474032085
-95.41670383236193, 29.77690552510253
-95.4100903097409, 29.59705645166992
-95.37229755905055, 29.52480625145576
-95.42343479999994, 29.511343800000077
-95.47507499999998, 29.514590000000027
-95.4248633578389, 29.442025131831066
-95.39707775470379, 29.579618754703798
-95.40510903422047, 29.63149240608208
-95.39573960600644, 29.685289468983118
-95.41237219847415, 29.672595776954545
-95.3907015415198, 29.68004754155035
-95.42471189734043, 29.672826186305706
-95.27323739151113, 29.790900146401082
-94.66201138911654, 29.773765173466444
-94.90322382378706, 29.806906908351376
-95.12633012615105, 29.816067283906285
-95.39664490305324, 29.710772225085147
-95.40644979999996, 29.707582200000047
-95.40644979999996, 29.707582200000047
-95.39685313846282, 29.7146214121782
-95.39923034078738, 29.701269555369624
-95.26426662949379, 29.67721645158395
-95.26084977606962, 29.67075373720326
-95.12777371172349, 29.844599343874478
-95.25365361275752, 29.645705169023053
-95.30109226201733, 29.702143490392057
-95.16411552445257, 29.68418147554742
-95.1642026426215, 29.68412692613564
-95.15320259371543, 29.67121830391253
-95.16752221205269, 29.712772439283498
-95.16747102159965, 29.712771535257836
-95.15649717553339, 29.711682745320402
-95.14891387754334, 29.711458685404555
-95.18290302489983, 29.73571547510017
-95.19340031392208, 29.713115852422522
-95.0605046447772, 29.3215712919358
-95.00029891973033, 29.72580077687675
-95.5273502149196, 29.78509645202439
-94.85489297155058, 29.770675516735334
-94.89775639191515, 29.830725254601493
-95.09654462978224, 29.700702220093493
-95.09647840686148, 29.700980779906512
-95.09312018697047, 29.69575524620564
-95.06133, 29.702168528997674
-95.05429159062835, 29.702347473019675
-94.94687357149844, 29.381076000000007
-95.1297425750478, 29.547824355791036
-95.14683560545383, 29.709800925328892
-95.1474140350572, 29.70914907845294
-95.16356509999997, 29.694864900000027
-95.16356509999997, 29.694864900000027
-95.1890726164873, 29.7367863745912
-95.21993165488385, 29.707535169023053
-95.2199584753468, 29.707398000000005
-95.08158033527613, 29.698367464942805
-95.05207957605741, 29.69116338493294
-95.0369445, 29.648281500000003
-95.04336102844941, 29.6806165226497
-95.0369445, 29.648281500000003
-95.07858251419466, 29.697572679568058
-95.01297619758802, 29.659168947833038
-95.36734423198139, 29.621049504473
-95.36041341618096, 29.641414493219326
-95.35754942287473, 29.629604201483172
-95.20080213044608, 29.71270141993188
-95.20209561203731, 29.695118080500816
-95.20515, 29.71265046768411
-95.24843982558127, 29.6654959997402
-95.24533200600126, 29.669307780714576
-95.23872946476992, 29.669860192913486
-95.25439635388643, 29.793582089704728
-95.17017102844942, 29.777071493219335
-95.1236193871833, 29.749362235616736
-95.15512981958092, 29.763854742108943
-95.40152438926077, 29.707281506203756
-95.40190669885467, 29.707248131741075
-95.40370667026379, 29.71143749016091
-95.39685313846282, 29.7146214121782
-95.39950758058772, 29.71321048263043
-95.39976642662565, 29.711297491834348
-95.40026524689812, 29.710651210946892
-95.40294897902375, 29.708834595879825
-95.39910126759086, 29.709147155011138
-95.4026854393216, 29.707120090743935
-95.33910133181368, 29.669620370506212
-95.33926294463038, 29.661666525967917
-95.33780066472387, 29.663850532315895
-95.33716144463038, 29.6616924676841
-95.34624311867374, 29.665188555369628
-95.40377163918865, 29.599287520630483
-95.40369199570084, 29.59212745614198
-95.4048851426215, 29.59970430391252
-95.41725087570036, 29.595888000000002
-95.40477592440213, 29.588324569494347
-95.40043787967626, 29.588894462550403
-95.40043887570036, 29.586013805441734
-95.383418795978, 29.704893716487742
-95.37813168350802, 29.68686145340068
-95.3866959269999, 29.70009965756988
-95.39313371752507, 29.698885402735204
-95.34814999999998, 29.659590000000037
-95.47716223145986, 29.70576283138773
-95.48052005483854, 29.705431913599167
-95.4830027514571, 29.70566049379626
-95.4973611029203, 29.71535105277255
-95.48894166310775, 29.7118499306077
-95.4953448487219, 29.71598068298842
-95.49429193897488, 29.71226661446149
-95.49326770081684, 29.707162128857043
-95.31212898017758, 29.69054511685608
-94.80143350637664, 29.29748318454629
-94.79252999999994, 29.30863000000005
-94.92988041618096, 29.410950518754554
-94.90129136081136, 29.394421478792605
-94.90704897957201, 29.390669696087482
-95.34578129375632, 29.75211487013084
-95.36074999999994, 29.754980000000046
-95.35794847732868, 29.75400692183223
-95.3054624856015, 29.73658804168768
-95.24134843046346, 29.708532636044254
-95.26391616478773, 29.695641705522547
-95.30951519585633, 29.766914109354257
-95.32283297931221, 29.765464447429007
-95.32015005052217, 29.764466436003385
-95.31055726270772, 29.762053822522123
-95.08357217190857, 29.553166430954406
-95.11939600320265, 29.55112204916587
-95.2962576821221, 29.702089357407154
-95.05787673451927, 29.61227730829861
-95.08321319964845, 29.651352872391705
-95.08652513540814, 29.64004255536962
-95.10529877968077, 29.63693428768275
-95.42873006575697, 29.676020092965633
-95.42846443356906, 29.67629377923934
-95.42847397088497, 29.6762822244143
-95.42975868099785, 29.674650384818307
-95.43276337166006, 29.67156056454488
-95.43350178322473, 29.668777553984636
-95.42802991326677, 29.68588251067582
-95.42912352844941, 29.687540467684112
-95.44517358592516, 29.675141413266786
-95.4104717828207, 29.705365486005977
-95.41581308381903, 29.71424251485941
-95.41554311518263, 29.708655539529257
-95.41698266472388, 29.71255148124545
-95.41715336081135, 29.71177348600597
-95.41742319317329, 29.714239507646052
-95.20690776333434, 29.61454099918997
-95.30833410072725, 29.644046954414033
-95.20853054212633, 29.583716672168386
-95.55583702616946, 29.619353533066647
-95.56158834857767, 29.78019033527613
-95.57653193609029, 29.78525951716709
-95.55885683278163, 29.794558400573912
-95.56983967262632, 29.80833963541873
-95.43369661222312, 29.731729000727007
-95.50108852948861, 29.734309299469125
-95.4803198630044, 29.73056450291419
-95.64103132693758, 29.859144024150243
-95.71293040957319, 29.776263610738305
-95.46262887939301, 29.710311769894535
-95.9676436726288, 29.784806832361937
-95.74418086689953, 29.79385241909516
-95.74626124285875, 29.775045491631875
-95.58059589133823, 29.5948160774424
-96.14933202123605, 29.769617682209017
-95.82276133236194, 29.79929651284019
-95.76921403052688, 29.736364988054785
-95.78576955098856, 29.785971225034725
-95.85009015532798, 29.77708096147302
-95.71609286081134, 29.62496946047074
-95.59171204206808, 29.59407134110451
-95.68864742264358, 29.56497938859693
-95.62075321893965, 29.762669784378566
-95.62078694411078, 29.762433464020113
-95.61884417811139, 29.759175
-96.06871234673041, 29.522801829303518
-95.62903199102628, 29.600617754545112
-95.63532185440606, 29.59147026536422
-95.63426896717402, 29.590278195717968
-95.63683123855569, 29.588640414994092
-96.09637083260762, 29.320058718954115
-95.59612263598505, 29.694839527670023
-95.59530559313852, 29.685644329447754
-95.64838467303376, 29.711157067978668
-95.72058191407483, 29.667645282820697
-95.53452272395997, 29.640799161549893
-95.5283046369956, 29.671722052455426
-95.48869485638184, 29.701585512317088
-95.53601130414366, 29.78168361226845
-95.56983967262632, 29.80833963541873
-95.52242430854324, 29.630769774430064
-95.62753287676728, 29.78809057452821
-95.7449352473604, 29.787849519619936
-96.18293193819643, 29.775580278694427
-95.56045152844942, 29.632690507646057
-95.59479364868103, 29.636469220093492
-95.55082472391433, 29.627453463163096
-95.60135874091307, 29.63558428886577
-95.69729193271382, 29.81686342853023
-95.64861077699231, 29.78430153837542
-95.6933714776397, 29.785540460614037
-95.69489153519956, 29.78553349336262
-95.71338727226045, 29.775223830457357
-95.53896085928213, 29.67372452842076
-95.53896085928213, 29.67372452842076
-95.537670163166, 29.679342581712906
-95.5635625182932, 29.65761159789905
-95.45739149105589, 29.742315235068478
-95.45918331329025, 29.733961181228064
-95.46472188634658, 29.7501965377985
-95.40293336081135, 29.73866751875456
-95.41877417811139, 29.74087531559795
-95.52616034800074, 29.812849259247383
-95.49109176872997, 29.8197982619754
-95.59301302553523, 29.784166519476635
-95.61906972300768, 29.785406502740372
-95.60646561203731, 29.77760710491086
-95.53596843961006, 29.819215204830055
-95.54436082073477, 29.777298830976953
-95.49458748303202, 29.77836178387206
-95.49458206082558, 29.778459383588224
-95.50634625, 29.78390411212567
-95.54772881020318, 29.77999394892956
-95.55834462314581, 29.74531544018699
-95.57203557207535, 29.738251550926215
-95.64391832434332, 29.72533597994739
-95.40848234626999, 29.88062033368866
-95.40614235968616, 29.790287528449422
-95.41851355536961, 29.806700502885533
-95.41062030391252, 29.801719521207392
-95.29736131135702, 29.87603944463039
-95.28297355536961, 29.885355511686356
-95.43944447680205, 29.834647879537247
-95.39941645588738, 29.82029247981552
-95.304681981447, 29.792689789139093
-95.30337661001808, 29.8087529792253
-95.30341427578021, 29.80781745899979
-95.36509242421471, 29.938288666338703
-95.3273984595767, 29.926703045358572
-95.30332212660731, 29.9365703963299
-95.31557027399307, 29.94221110075591
-95.31581573581829, 29.942144329447743
-95.36626147622513, 29.94077413878462
-95.36644575139884, 29.943126387731557
-95.3128989018125, 29.944514525390996
-95.33130074860115, 29.94363008381903
-95.34577168489112, 29.945377110739233
-95.3312950267238, 29.94518147327621
-95.32559874917807, 29.947724360811346
-95.30391034742382, 29.94986550152921
-95.32106488449993, 29.950278536541514
-95.38498790937545, 29.952521704484717
-95.3768413254093, 29.9565321107679
-95.37203538459327, 29.96012898185515
-95.3416994891972, 29.984234406081715
-95.34809313918865, 29.951221466241808
-95.34446019317329, 29.939491502163445
-95.32743616622442, 29.94530533891147
-95.32727934156586, 29.94494367883348
-95.3261637485429, 29.93887753173898
-95.32598754902163, 29.943994581972706
-95.32589022300768, 29.94128150620375
-95.32373163765945, 29.943494472156168
-95.32217233236193, 29.943296493941414
-95.31935083236193, 29.943307523948693
-95.31840077699232, 29.94353146826103
-95.31220300429916, 29.952072514427666
-95.31208180111017, 29.945306830784432
-95.37486320249278, 29.880117
-95.39656309999998, 29.87874510000006
-95.39656309999998, 29.87874510000006
-95.42787930861573, 29.90682036663973
-95.36374567306241, 29.920301580904848
-95.37792282812102, 29.925633865398986
-95.37799147097367, 29.929826587569938
-95.54729069455826, 29.88200653173898
-95.49418735371356, 29.842971158779932
-95.49418735371356, 29.842971158779932
-95.5575086265796, 29.888253336920904
-95.57963344595804, 29.887487471059643
-95.54601138406755, 29.876004911737574
-95.54599523232716, 29.87677968665242
-95.50298305536961, 29.841257476773393
-95.51313297016561, 29.841193504904748
-95.56943753996403, 29.86096598604386
-95.5656315, 29.83179754833008
-95.5915886175541, 29.87995815498284
-95.61366002831346, 29.876015722034012
-95.57274430252754, 29.87668145224684
-95.56424370480045, 29.838437612268446
-95.57696570696484, 29.84487397446478
-95.56337182246553, 29.845962
-95.54015826865378, 29.8508402514571
-95.57030180279087, 29.851343827186152
-95.56347978192666, 29.858868471550597
-95.56930207016714, 29.86404393568012
-95.58252370364661, 29.87687716763807
-95.61137958642821, 29.902189357087394
-95.51502047155059, 29.834124477350315
-95.53117444463038, 29.84823646104767
-95.21147643808324, 29.92180491578765
-95.39087977717648, 29.921658913138867
-95.40217269591459, 29.93748336609148
-95.39148183527612, 29.931927517744004
-95.50302753540296, 29.899321305671947
-95.52741649252683, 29.925369598246686
-95.54949743807062, 29.924709686312255
-95.45803069999994, 29.94604490000006
-95.39206245888421, 29.96595549451647
-95.40721682817833, 30.02585185864791
-95.38698213076319, 29.98154451459962
-95.38193411275844, 29.9956941425078
-95.41133409999998, 30.003702300000043
-95.41133409999998, 30.003702300000043
-95.41133409999998, 30.003702300000043
-95.4041290275542, 29.965995297228844
-95.41564781092002, 30.02442336668655
-95.47727230252754, 29.93322745888328
-95.47552911073923, 29.93717454227056
-95.45528747962932, 30.00739747403209
-95.43901064544971, 30.018365546251673
-95.46689478688953, 29.817157081833383
-95.48719676721147, 29.821168314530084
-95.46365180082545, 29.811914947544576
-95.44701253664373, 29.809380516013256
-95.46574275284206, 29.82237255612036
-95.46616122825914, 29.813784479946452
-95.4686337485429, 29.8408825434244
-95.49210977918537, 29.84364861226845
-95.47456988773155, 29.817127542847484
-95.49304119317328, 29.850485505626832
-95.49830272981701, 29.85051547230133
-95.3360326564713, 29.844926968636404
-95.64680250242945, 29.929924947094154
-95.6469187390496, 29.9295453699293
-95.62038169874093, 29.90601563038783
-95.27803176250734, 29.992230000000006
-95.27568336022227, 29.993821583082987
-95.24512349999999, 29.994411453834303
-95.2637806670898, 29.998576447111883
-95.2838529916328, 30.005000450225754
-95.27719679767343, 30.005040033406416
-95.27673537462496, 30.005040033406416
-95.27558756993423, 30.004907966593592
-95.27558756993423, 30.004907966593592
-95.2412250294017, 30.049941590108762
-95.20748253900966, 30.073475714669147
-95.2400917252867, 30.052503
-95.17072666501232, 30.078192626406715
-95.1767717360442, 29.969663989910835
-95.17828279742031, 30.15756761342229
-95.23389653639852, 30.13115452032703
-95.23309130682671, 30.14188848009161
-95.24244715292288, 30.094992176265066
-95.16115002869724, 30.240873944050314
-95.43511127024124, 30.10271352844941
-95.403363253419, 30.073525115442436
-95.62649358090484, 30.09043651399403
-95.62334327699232, 30.084782529863052
-95.62361383236194, 30.084568495095258
-95.63458427699231, 30.097723531016893
-95.61989208090483, 30.088818508945053
-95.6155048670151, 30.091892289774268
-95.62477402553522, 30.08881645715252
-95.6288172781962, 30.07706552782143
-95.63728427699232, 30.0785895337582
-95.50796821301556, 30.074000920761584
-95.5189265353743, 30.048105542587674
-95.45409009648539, 30.172608527843842
-95.47800176086349, 30.15175502109182
-95.45577845227643, 30.172701355502568
-95.45461088926076, 30.17276544993916
-95.45461088926076, 30.17276544993916
-95.46275013541002, 30.126574669946674
-95.46816724297432, 30.17237544766014
-95.4689754484682, 30.17185200438609
-95.46883753977957, 30.17204907103512
-95.46917388398212, 30.171833115716872
-95.46954890862088, 30.171550554301756
-95.47087101907168, 30.170446058052665
-95.46730702859364, 30.158174333371555
-95.47306346396277, 30.16028572586362
-95.47010090710612, 30.140073639468913
-95.46144191387259, 30.172316809034385
-95.45609352874087, 30.175771500000003
-95.45637431300086, 30.176055000000005
-95.45199584984708, 30.17288139439666
-95.45612820575461, 30.175581866495502
-95.46158378885063, 30.16807592812619
-95.46113369037373, 30.164471897830445
-95.46113369037373, 30.164471897830445
-95.47016773535692, 30.1910096705236
-95.50390811232576, 30.195937103902178
-95.46937596113457, 30.179876026948865
-95.46919749720138, 30.179828994200278
-95.58355265710648, 30.19060909772615
-95.43914249847079, 30.126975498990397
-95.54139138657771, 30.12749648932419
-95.28754881482227, 29.931416999999996
-95.30319237743112, 29.934998895089148
-95.2752014686364, 29.92505956506448
-95.65986223423081, 30.044575529834393
-95.63191220119471, 29.924594828524118
-95.7387119944878, 29.993325136043328
-95.711179922038, 29.89723703055555
-95.68631467032111, 29.9175752200935
-96.07656578448143, 29.94226550169988
-95.87411606327414, 30.04599862502777
-94.8897467423974, 30.044109461509954
